,service_id,date,exception_type
0,1,20161031,1
1,9,20161031,1
2,25,20161031,1
3,28,20161031,1
4,40,20161031,1
5,65,20161031,1
6,4,20161101,1
7,22,20161101,1
8,33,20161101,1
9,40,20161101,1
10,51,20161101,1
11,62,20161101,1
12,6,20161102,1
13,19,20161102,1
14,20,20161102,1
15,21,20161102,1
16,23,20161102,1
17,25,20161102,1
18,28,20161102,1
19,32,20161102,1
20,34,20161102,1
21,36,20161102,1
22,37,20161102,1
23,38,20161102,1
24,39,20161102,1
25,40,20161102,1
26,49,20161102,1
27,51,20161102,1
28,52,20161102,1
29,53,20161102,1
30,55,20161102,1
31,57,20161102,1
32,59,20161102,1
33,66,20161102,1
34,67,20161102,1
35,68,20161102,1
36,71,20161102,1
37,72,20161102,1
38,8,20161103,1
39,11,20161103,1
40,14,20161103,1
41,16,20161103,1
42,17,20161103,1
43,18,20161103,1
44,19,20161103,1
45,20,20161103,1
46,21,20161103,1
47,23,20161103,1
48,25,20161103,1
49,28,20161103,1
50,34,20161103,1
51,37,20161103,1
52,38,20161103,1
53,40,20161103,1
54,41,20161103,1
55,42,20161103,1
56,43,20161103,1
57,45,20161103,1
58,48,20161103,1
59,51,20161103,1
60,52,20161103,1
61,53,20161103,1
62,55,20161103,1
63,59,20161103,1
64,60,20161103,1
65,68,20161103,1
66,71,20161103,1
67,72,20161103,1
68,7,20161104,1
69,8,20161104,1
70,11,20161104,1
71,14,20161104,1
72,16,20161104,1
73,17,20161104,1
74,18,20161104,1
75,19,20161104,1
76,20,20161104,1
77,21,20161104,1
78,23,20161104,1
79,25,20161104,1
80,28,20161104,1
81,31,20161104,1
82,32,20161104,1
83,37,20161104,1
84,40,20161104,1
85,42,20161104,1
86,43,20161104,1
87,44,20161104,1
88,49,20161104,1
89,50,20161104,1
90,51,20161104,1
91,52,20161104,1
92,53,20161104,1
93,56,20161104,1
94,66,20161104,1
95,71,20161104,1
96,73,20161104,1
97,3,20161105,1
98,7,20161105,1
99,18,20161105,1
100,20,20161105,1
101,23,20161105,1
102,26,20161105,1
103,28,20161105,1
104,40,20161105,1
105,51,20161105,1
106,52,20161105,1
107,62,20161105,1
108,67,20161105,1
109,73,20161105,1
110,10,20161106,1
111,22,20161106,1
112,33,20161106,1
113,40,20161106,1
114,51,20161106,1
115,62,20161106,1
116,8,20161107,1
117,11,20161107,1
118,13,20161107,1
119,14,20161107,1
120,17,20161107,1
121,19,20161107,1
122,20,20161107,1
123,21,20161107,1
124,23,20161107,1
125,25,20161107,1
126,28,20161107,1
127,32,20161107,1
128,34,20161107,1
129,36,20161107,1
130,40,20161107,1
131,43,20161107,1
132,44,20161107,1
133,51,20161107,1
134,55,20161107,1
135,56,20161107,1
136,60,20161107,1
137,65,20161107,1
138,68,20161107,1
139,71,20161107,1
140,73,20161107,1
141,5,20161108,1
142,8,20161108,1
143,14,20161108,1
144,16,20161108,1
145,17,20161108,1
146,19,20161108,1
147,20,20161108,1
148,21,20161108,1
149,23,20161108,1
150,25,20161108,1
151,28,20161108,1
152,34,20161108,1
153,35,20161108,1
154,37,20161108,1
155,40,20161108,1
156,42,20161108,1
157,43,20161108,1
158,45,20161108,1
159,47,20161108,1
160,49,20161108,1
161,51,20161108,1
162,52,20161108,1
163,53,20161108,1
164,56,20161108,1
165,59,20161108,1
166,60,20161108,1
167,68,20161108,1
168,72,20161108,1
169,8,20161109,1
170,11,20161109,1
171,15,20161109,1
172,16,20161109,1
173,17,20161109,1
174,19,20161109,1
175,20,20161109,1
176,21,20161109,1
177,23,20161109,1
178,25,20161109,1
179,28,20161109,1
180,32,20161109,1
181,34,20161109,1
182,36,20161109,1
183,37,20161109,1
184,38,20161109,1
185,39,20161109,1
186,40,20161109,1
187,47,20161109,1
188,49,20161109,1
189,51,20161109,1
190,52,20161109,1
191,53,20161109,1
192,55,20161109,1
193,57,20161109,1
194,59,20161109,1
195,66,20161109,1
196,67,20161109,1
197,68,20161109,1
198,71,20161109,1
199,72,20161109,1
200,8,20161110,1
201,11,20161110,1
202,14,20161110,1
203,16,20161110,1
204,17,20161110,1
205,19,20161110,1
206,20,20161110,1
207,21,20161110,1
208,23,20161110,1
209,25,20161110,1
210,28,20161110,1
211,34,20161110,1
212,37,20161110,1
213,38,20161110,1
214,40,20161110,1
215,41,20161110,1
216,42,20161110,1
217,43,20161110,1
218,45,20161110,1
219,47,20161110,1
220,48,20161110,1
221,51,20161110,1
222,52,20161110,1
223,53,20161110,1
224,55,20161110,1
225,59,20161110,1
226,60,20161110,1
227,68,20161110,1
228,71,20161110,1
229,72,20161110,1
230,8,20161111,1
231,9,20161111,1
232,11,20161111,1
233,14,20161111,1
234,16,20161111,1
235,17,20161111,1
236,19,20161111,1
237,20,20161111,1
238,21,20161111,1
239,23,20161111,1
240,25,20161111,1
241,28,20161111,1
242,31,20161111,1
243,32,20161111,1
244,37,20161111,1
245,40,20161111,1
246,42,20161111,1
247,43,20161111,1
248,44,20161111,1
249,47,20161111,1
250,49,20161111,1
251,50,20161111,1
252,51,20161111,1
253,52,20161111,1
254,53,20161111,1
255,56,20161111,1
256,66,20161111,1
257,71,20161111,1
258,73,20161111,1
259,3,20161112,1
260,9,20161112,1
261,20,20161112,1
262,23,20161112,1
263,26,20161112,1
264,28,20161112,1
265,40,20161112,1
266,47,20161112,1
267,51,20161112,1
268,52,20161112,1
269,62,20161112,1
270,67,20161112,1
271,73,20161112,1
272,2,20161113,1
273,22,20161113,1
274,33,20161113,1
275,40,20161113,1
276,51,20161113,1
277,62,20161113,1
278,11,20161114,1
279,12,20161114,1
280,13,20161114,1
281,14,20161114,1
282,17,20161114,1
283,19,20161114,1
284,20,20161114,1
285,21,20161114,1
286,23,20161114,1
287,25,20161114,1
288,28,20161114,1
289,32,20161114,1
290,34,20161114,1
291,36,20161114,1
292,40,20161114,1
293,43,20161114,1
294,44,20161114,1
295,51,20161114,1
296,55,20161114,1
297,56,20161114,1
298,60,20161114,1
299,65,20161114,1
300,68,20161114,1
301,71,20161114,1
302,73,20161114,1
303,5,20161115,1
304,12,20161115,1
305,14,20161115,1
306,16,20161115,1
307,17,20161115,1
308,19,20161115,1
309,20,20161115,1
310,21,20161115,1
311,23,20161115,1
312,25,20161115,1
313,28,20161115,1
314,34,20161115,1
315,35,20161115,1
316,37,20161115,1
317,40,20161115,1
318,42,20161115,1
319,43,20161115,1
320,45,20161115,1
321,47,20161115,1
322,49,20161115,1
323,51,20161115,1
324,52,20161115,1
325,53,20161115,1
326,56,20161115,1
327,59,20161115,1
328,60,20161115,1
329,68,20161115,1
330,72,20161115,1
331,11,20161116,1
332,12,20161116,1
333,15,20161116,1
334,16,20161116,1
335,17,20161116,1
336,19,20161116,1
337,20,20161116,1
338,21,20161116,1
339,23,20161116,1
340,25,20161116,1
341,28,20161116,1
342,32,20161116,1
343,34,20161116,1
344,36,20161116,1
345,37,20161116,1
346,38,20161116,1
347,39,20161116,1
348,40,20161116,1
349,47,20161116,1
350,49,20161116,1
351,51,20161116,1
352,52,20161116,1
353,53,20161116,1
354,55,20161116,1
355,57,20161116,1
356,59,20161116,1
357,66,20161116,1
358,67,20161116,1
359,68,20161116,1
360,71,20161116,1
361,72,20161116,1
362,11,20161117,1
363,12,20161117,1
364,14,20161117,1
365,16,20161117,1
366,17,20161117,1
367,19,20161117,1
368,20,20161117,1
369,21,20161117,1
370,23,20161117,1
371,25,20161117,1
372,28,20161117,1
373,34,20161117,1
374,37,20161117,1
375,38,20161117,1
376,40,20161117,1
377,41,20161117,1
378,42,20161117,1
379,43,20161117,1
380,45,20161117,1
381,47,20161117,1
382,48,20161117,1
383,51,20161117,1
384,52,20161117,1
385,53,20161117,1
386,55,20161117,1
387,59,20161117,1
388,60,20161117,1
389,68,20161117,1
390,71,20161117,1
391,72,20161117,1
392,9,20161118,1
393,11,20161118,1
394,12,20161118,1
395,14,20161118,1
396,16,20161118,1
397,17,20161118,1
398,19,20161118,1
399,20,20161118,1
400,21,20161118,1
401,23,20161118,1
402,25,20161118,1
403,28,20161118,1
404,31,20161118,1
405,32,20161118,1
406,37,20161118,1
407,40,20161118,1
408,42,20161118,1
409,43,20161118,1
410,44,20161118,1
411,47,20161118,1
412,49,20161118,1
413,50,20161118,1
414,51,20161118,1
415,52,20161118,1
416,53,20161118,1
417,56,20161118,1
418,66,20161118,1
419,71,20161118,1
420,73,20161118,1
421,3,20161119,1
422,9,20161119,1
423,20,20161119,1
424,23,20161119,1
425,26,20161119,1
426,28,20161119,1
427,40,20161119,1
428,47,20161119,1
429,51,20161119,1
430,52,20161119,1
431,62,20161119,1
432,67,20161119,1
433,73,20161119,1
434,2,20161120,1
435,22,20161120,1
436,33,20161120,1
437,40,20161120,1
438,51,20161120,1
439,62,20161120,1
440,11,20161121,1
441,12,20161121,1
442,13,20161121,1
443,14,20161121,1
444,17,20161121,1
445,19,20161121,1
446,20,20161121,1
447,21,20161121,1
448,23,20161121,1
449,25,20161121,1
450,28,20161121,1
451,32,20161121,1
452,34,20161121,1
453,36,20161121,1
454,40,20161121,1
455,43,20161121,1
456,44,20161121,1
457,51,20161121,1
458,55,20161121,1
459,56,20161121,1
460,60,20161121,1
461,65,20161121,1
462,68,20161121,1
463,71,20161121,1
464,73,20161121,1
465,5,20161122,1
466,12,20161122,1
467,14,20161122,1
468,16,20161122,1
469,17,20161122,1
470,19,20161122,1
471,20,20161122,1
472,21,20161122,1
473,23,20161122,1
474,25,20161122,1
475,28,20161122,1
476,34,20161122,1
477,35,20161122,1
478,37,20161122,1
479,40,20161122,1
480,42,20161122,1
481,43,20161122,1
482,45,20161122,1
483,47,20161122,1
484,49,20161122,1
485,51,20161122,1
486,52,20161122,1
487,53,20161122,1
488,56,20161122,1
489,59,20161122,1
490,60,20161122,1
491,68,20161122,1
492,72,20161122,1
493,11,20161123,1
494,12,20161123,1
495,15,20161123,1
496,16,20161123,1
497,17,20161123,1
498,19,20161123,1
499,20,20161123,1
500,21,20161123,1
501,23,20161123,1
502,25,20161123,1
503,28,20161123,1
504,32,20161123,1
505,34,20161123,1
506,36,20161123,1
507,37,20161123,1
508,38,20161123,1
509,39,20161123,1
510,40,20161123,1
511,47,20161123,1
512,49,20161123,1
513,51,20161123,1
514,52,20161123,1
515,53,20161123,1
516,55,20161123,1
517,57,20161123,1
518,59,20161123,1
519,66,20161123,1
520,67,20161123,1
521,68,20161123,1
522,71,20161123,1
523,72,20161123,1
524,11,20161124,1
525,12,20161124,1
526,14,20161124,1
527,16,20161124,1
528,17,20161124,1
529,19,20161124,1
530,20,20161124,1
531,21,20161124,1
532,23,20161124,1
533,25,20161124,1
534,28,20161124,1
535,34,20161124,1
536,37,20161124,1
537,38,20161124,1
538,40,20161124,1
539,41,20161124,1
540,42,20161124,1
541,43,20161124,1
542,45,20161124,1
543,47,20161124,1
544,48,20161124,1
545,51,20161124,1
546,52,20161124,1
547,53,20161124,1
548,55,20161124,1
549,59,20161124,1
550,60,20161124,1
551,68,20161124,1
552,71,20161124,1
553,72,20161124,1
554,9,20161125,1
555,11,20161125,1
556,12,20161125,1
557,14,20161125,1
558,16,20161125,1
559,17,20161125,1
560,19,20161125,1
561,20,20161125,1
562,21,20161125,1
563,23,20161125,1
564,25,20161125,1
565,28,20161125,1
566,31,20161125,1
567,32,20161125,1
568,37,20161125,1
569,40,20161125,1
570,42,20161125,1
571,43,20161125,1
572,44,20161125,1
573,47,20161125,1
574,49,20161125,1
575,50,20161125,1
576,51,20161125,1
577,52,20161125,1
578,53,20161125,1
579,56,20161125,1
580,66,20161125,1
581,71,20161125,1
582,73,20161125,1
583,3,20161126,1
584,9,20161126,1
585,20,20161126,1
586,23,20161126,1
587,26,20161126,1
588,28,20161126,1
589,40,20161126,1
590,47,20161126,1
591,51,20161126,1
592,52,20161126,1
593,62,20161126,1
594,67,20161126,1
595,73,20161126,1
596,2,20161127,1
597,22,20161127,1
598,33,20161127,1
599,40,20161127,1
600,51,20161127,1
601,62,20161127,1
602,11,20161128,1
603,12,20161128,1
604,13,20161128,1
605,14,20161128,1
606,17,20161128,1
607,19,20161128,1
608,20,20161128,1
609,21,20161128,1
610,23,20161128,1
611,25,20161128,1
612,28,20161128,1
613,32,20161128,1
614,34,20161128,1
615,36,20161128,1
616,40,20161128,1
617,43,20161128,1
618,44,20161128,1
619,51,20161128,1
620,55,20161128,1
621,56,20161128,1
622,60,20161128,1
623,65,20161128,1
624,68,20161128,1
625,71,20161128,1
626,73,20161128,1
627,5,20161129,1
628,12,20161129,1
629,14,20161129,1
630,16,20161129,1
631,17,20161129,1
632,19,20161129,1
633,20,20161129,1
634,21,20161129,1
635,23,20161129,1
636,25,20161129,1
637,28,20161129,1
638,34,20161129,1
639,35,20161129,1
640,37,20161129,1
641,40,20161129,1
642,42,20161129,1
643,43,20161129,1
644,45,20161129,1
645,47,20161129,1
646,49,20161129,1
647,51,20161129,1
648,52,20161129,1
649,53,20161129,1
650,56,20161129,1
651,59,20161129,1
652,60,20161129,1
653,68,20161129,1
654,72,20161129,1
655,11,20161130,1
656,12,20161130,1
657,15,20161130,1
658,16,20161130,1
659,17,20161130,1
660,19,20161130,1
661,20,20161130,1
662,21,20161130,1
663,23,20161130,1
664,25,20161130,1
665,28,20161130,1
666,32,20161130,1
667,34,20161130,1
668,36,20161130,1
669,37,20161130,1
670,38,20161130,1
671,39,20161130,1
672,40,20161130,1
673,47,20161130,1
674,49,20161130,1
675,51,20161130,1
676,52,20161130,1
677,53,20161130,1
678,55,20161130,1
679,57,20161130,1
680,59,20161130,1
681,66,20161130,1
682,67,20161130,1
683,68,20161130,1
684,71,20161130,1
685,72,20161130,1
686,11,20161201,1
687,14,20161201,1
688,16,20161201,1
689,17,20161201,1
690,19,20161201,1
691,20,20161201,1
692,21,20161201,1
693,23,20161201,1
694,25,20161201,1
695,28,20161201,1
696,34,20161201,1
697,37,20161201,1
698,38,20161201,1
699,40,20161201,1
700,41,20161201,1
701,42,20161201,1
702,43,20161201,1
703,45,20161201,1
704,47,20161201,1
705,48,20161201,1
706,51,20161201,1
707,52,20161201,1
708,53,20161201,1
709,55,20161201,1
710,59,20161201,1
711,60,20161201,1
712,68,20161201,1
713,71,20161201,1
714,72,20161201,1
715,9,20161202,1
716,11,20161202,1
717,14,20161202,1
718,16,20161202,1
719,17,20161202,1
720,19,20161202,1
721,20,20161202,1
722,21,20161202,1
723,23,20161202,1
724,25,20161202,1
725,28,20161202,1
726,31,20161202,1
727,32,20161202,1
728,37,20161202,1
729,40,20161202,1
730,42,20161202,1
731,43,20161202,1
732,44,20161202,1
733,47,20161202,1
734,49,20161202,1
735,50,20161202,1
736,51,20161202,1
737,52,20161202,1
738,53,20161202,1
739,56,20161202,1
740,66,20161202,1
741,71,20161202,1
742,73,20161202,1
743,3,20161203,1
744,9,20161203,1
745,20,20161203,1
746,23,20161203,1
747,26,20161203,1
748,28,20161203,1
749,40,20161203,1
750,47,20161203,1
751,51,20161203,1
752,52,20161203,1
753,62,20161203,1
754,67,20161203,1
755,73,20161203,1
756,2,20161204,1
757,22,20161204,1
758,33,20161204,1
759,40,20161204,1
760,51,20161204,1
761,62,20161204,1
762,11,20161205,1
763,13,20161205,1
764,14,20161205,1
765,17,20161205,1
766,19,20161205,1
767,20,20161205,1
768,21,20161205,1
769,23,20161205,1
770,25,20161205,1
771,28,20161205,1
772,32,20161205,1
773,34,20161205,1
774,36,20161205,1
775,40,20161205,1
776,43,20161205,1
777,44,20161205,1
778,51,20161205,1
779,55,20161205,1
780,56,20161205,1
781,60,20161205,1
782,65,20161205,1
783,68,20161205,1
784,71,20161205,1
785,73,20161205,1
786,5,20161206,1
787,14,20161206,1
788,16,20161206,1
789,17,20161206,1
790,19,20161206,1
791,20,20161206,1
792,21,20161206,1
793,23,20161206,1
794,25,20161206,1
795,28,20161206,1
796,34,20161206,1
797,35,20161206,1
798,37,20161206,1
799,40,20161206,1
800,42,20161206,1
801,43,20161206,1
802,45,20161206,1
803,47,20161206,1
804,49,20161206,1
805,51,20161206,1
806,52,20161206,1
807,53,20161206,1
808,56,20161206,1
809,59,20161206,1
810,60,20161206,1
811,68,20161206,1
812,72,20161206,1
813,11,20161207,1
814,15,20161207,1
815,16,20161207,1
816,17,20161207,1
817,19,20161207,1
818,20,20161207,1
819,21,20161207,1
820,23,20161207,1
821,25,20161207,1
822,28,20161207,1
823,32,20161207,1
824,34,20161207,1
825,36,20161207,1
826,37,20161207,1
827,38,20161207,1
828,39,20161207,1
829,40,20161207,1
830,47,20161207,1
831,49,20161207,1
832,51,20161207,1
833,52,20161207,1
834,53,20161207,1
835,55,20161207,1
836,57,20161207,1
837,59,20161207,1
838,66,20161207,1
839,67,20161207,1
840,68,20161207,1
841,71,20161207,1
842,72,20161207,1
843,2,20161208,1
844,22,20161208,1
845,33,20161208,1
846,40,20161208,1
847,51,20161208,1
848,62,20161208,1
849,9,20161209,1
850,11,20161209,1
851,14,20161209,1
852,16,20161209,1
853,17,20161209,1
854,19,20161209,1
855,20,20161209,1
856,21,20161209,1
857,23,20161209,1
858,25,20161209,1
859,28,20161209,1
860,31,20161209,1
861,32,20161209,1
862,37,20161209,1
863,40,20161209,1
864,42,20161209,1
865,43,20161209,1
866,44,20161209,1
867,47,20161209,1
868,49,20161209,1
869,50,20161209,1
870,51,20161209,1
871,52,20161209,1
872,53,20161209,1
873,56,20161209,1
874,66,20161209,1
875,71,20161209,1
876,73,20161209,1
877,3,20161210,1
878,9,20161210,1
879,20,20161210,1
880,23,20161210,1
881,26,20161210,1
882,28,20161210,1
883,40,20161210,1
884,47,20161210,1
885,51,20161210,1
886,52,20161210,1
887,62,20161210,1
888,67,20161210,1
889,73,20161210,1
890,2,20161211,1
891,22,20161211,1
892,33,20161211,1
893,40,20161211,1
894,51,20161211,1
895,62,20161211,1
896,11,20161212,1
897,13,20161212,1
898,14,20161212,1
899,17,20161212,1
900,19,20161212,1
901,20,20161212,1
902,21,20161212,1
903,23,20161212,1
904,25,20161212,1
905,28,20161212,1
906,32,20161212,1
907,34,20161212,1
908,36,20161212,1
909,40,20161212,1
910,43,20161212,1
911,44,20161212,1
912,51,20161212,1
913,55,20161212,1
914,56,20161212,1
915,60,20161212,1
916,65,20161212,1
917,68,20161212,1
918,71,20161212,1
919,73,20161212,1
920,5,20161213,1
921,14,20161213,1
922,16,20161213,1
923,17,20161213,1
924,19,20161213,1
925,20,20161213,1
926,21,20161213,1
927,23,20161213,1
928,25,20161213,1
929,28,20161213,1
930,34,20161213,1
931,35,20161213,1
932,37,20161213,1
933,40,20161213,1
934,42,20161213,1
935,43,20161213,1
936,45,20161213,1
937,47,20161213,1
938,49,20161213,1
939,51,20161213,1
940,52,20161213,1
941,53,20161213,1
942,56,20161213,1
943,59,20161213,1
944,60,20161213,1
945,68,20161213,1
946,72,20161213,1
947,11,20161214,1
948,15,20161214,1
949,16,20161214,1
950,17,20161214,1
951,19,20161214,1
952,20,20161214,1
953,21,20161214,1
954,23,20161214,1
955,25,20161214,1
956,28,20161214,1
957,32,20161214,1
958,34,20161214,1
959,36,20161214,1
960,37,20161214,1
961,38,20161214,1
962,39,20161214,1
963,40,20161214,1
964,47,20161214,1
965,49,20161214,1
966,51,20161214,1
967,52,20161214,1
968,53,20161214,1
969,55,20161214,1
970,57,20161214,1
971,59,20161214,1
972,66,20161214,1
973,67,20161214,1
974,68,20161214,1
975,71,20161214,1
976,72,20161214,1
977,11,20161215,1
978,14,20161215,1
979,16,20161215,1
980,17,20161215,1
981,19,20161215,1
982,20,20161215,1
983,21,20161215,1
984,23,20161215,1
985,25,20161215,1
986,28,20161215,1
987,34,20161215,1
988,37,20161215,1
989,38,20161215,1
990,40,20161215,1
991,41,20161215,1
992,42,20161215,1
993,43,20161215,1
994,45,20161215,1
995,47,20161215,1
996,48,20161215,1
997,51,20161215,1
998,52,20161215,1
999,53,20161215,1
1000,55,20161215,1
1001,59,20161215,1
1002,60,20161215,1
1003,68,20161215,1
1004,71,20161215,1
1005,72,20161215,1
1006,9,20161216,1
1007,11,20161216,1
1008,14,20161216,1
1009,16,20161216,1
1010,17,20161216,1
1011,19,20161216,1
1012,20,20161216,1
1013,21,20161216,1
1014,23,20161216,1
1015,25,20161216,1
1016,28,20161216,1
1017,31,20161216,1
1018,32,20161216,1
1019,37,20161216,1
1020,40,20161216,1
1021,42,20161216,1
1022,43,20161216,1
1023,44,20161216,1
1024,47,20161216,1
1025,49,20161216,1
1026,50,20161216,1
1027,51,20161216,1
1028,52,20161216,1
1029,53,20161216,1
1030,56,20161216,1
1031,66,20161216,1
1032,71,20161216,1
1033,73,20161216,1
1034,3,20161217,1
1035,9,20161217,1
1036,20,20161217,1
1037,23,20161217,1
1038,26,20161217,1
1039,28,20161217,1
1040,40,20161217,1
1041,47,20161217,1
1042,51,20161217,1
1043,52,20161217,1
1044,62,20161217,1
1045,67,20161217,1
1046,73,20161217,1
1047,2,20161218,1
1048,22,20161218,1
1049,33,20161218,1
1050,40,20161218,1
1051,51,20161218,1
1052,62,20161218,1
1053,11,20161219,1
1054,13,20161219,1
1055,14,20161219,1
1056,17,20161219,1
1057,19,20161219,1
1058,20,20161219,1
1059,21,20161219,1
1060,23,20161219,1
1061,25,20161219,1
1062,28,20161219,1
1063,32,20161219,1
1064,34,20161219,1
1065,36,20161219,1
1066,40,20161219,1
1067,43,20161219,1
1068,44,20161219,1
1069,51,20161219,1
1070,55,20161219,1
1071,56,20161219,1
1072,60,20161219,1
1073,65,20161219,1
1074,68,20161219,1
1075,71,20161219,1
1076,73,20161219,1
1077,5,20161220,1
1078,14,20161220,1
1079,16,20161220,1
1080,17,20161220,1
1081,19,20161220,1
1082,20,20161220,1
1083,21,20161220,1
1084,23,20161220,1
1085,25,20161220,1
1086,28,20161220,1
1087,34,20161220,1
1088,35,20161220,1
1089,37,20161220,1
1090,40,20161220,1
1091,42,20161220,1
1092,43,20161220,1
1093,45,20161220,1
1094,47,20161220,1
1095,49,20161220,1
1096,51,20161220,1
1097,52,20161220,1
1098,53,20161220,1
1099,56,20161220,1
1100,59,20161220,1
1101,60,20161220,1
1102,68,20161220,1
1103,72,20161220,1
1104,11,20161221,1
1105,15,20161221,1
1106,16,20161221,1
1107,17,20161221,1
1108,19,20161221,1
1109,20,20161221,1
1110,21,20161221,1
1111,23,20161221,1
1112,25,20161221,1
1113,28,20161221,1
1114,32,20161221,1
1115,34,20161221,1
1116,36,20161221,1
1117,37,20161221,1
1118,38,20161221,1
1119,39,20161221,1
1120,40,20161221,1
1121,47,20161221,1
1122,49,20161221,1
1123,51,20161221,1
1124,52,20161221,1
1125,53,20161221,1
1126,55,20161221,1
1127,57,20161221,1
1128,59,20161221,1
1129,66,20161221,1
1130,67,20161221,1
1131,68,20161221,1
1132,71,20161221,1
1133,72,20161221,1
1134,11,20161222,1
1135,14,20161222,1
1136,16,20161222,1
1137,17,20161222,1
1138,19,20161222,1
1139,20,20161222,1
1140,21,20161222,1
1141,23,20161222,1
1142,25,20161222,1
1143,28,20161222,1
1144,34,20161222,1
1145,37,20161222,1
1146,38,20161222,1
1147,40,20161222,1
1148,41,20161222,1
1149,42,20161222,1
1150,43,20161222,1
1151,45,20161222,1
1152,47,20161222,1
1153,48,20161222,1
1154,51,20161222,1
1155,52,20161222,1
1156,53,20161222,1
1157,55,20161222,1
1158,59,20161222,1
1159,60,20161222,1
1160,68,20161222,1
1161,71,20161222,1
1162,72,20161222,1
1163,9,20161223,1
1164,11,20161223,1
1165,14,20161223,1
1166,16,20161223,1
1167,17,20161223,1
1168,19,20161223,1
1169,20,20161223,1
1170,21,20161223,1
1171,23,20161223,1
1172,25,20161223,1
1173,28,20161223,1
1174,31,20161223,1
1175,32,20161223,1
1176,37,20161223,1
1177,40,20161223,1
1178,42,20161223,1
1179,43,20161223,1
1180,44,20161223,1
1181,47,20161223,1
1182,49,20161223,1
1183,50,20161223,1
1184,51,20161223,1
1185,52,20161223,1
1186,53,20161223,1
1187,56,20161223,1
1188,66,20161223,1
1189,71,20161223,1
1190,73,20161223,1
1191,3,20161224,1
1192,9,20161224,1
1193,20,20161224,1
1194,27,20161224,1
1195,28,20161224,1
1196,30,20161224,1
1197,40,20161224,1
1198,47,20161224,1
1199,51,20161224,1
1200,52,20161224,1
1201,62,20161224,1
1202,67,20161224,1
1203,2,20161225,1
1204,29,20161225,1
1205,33,20161225,1
1206,40,20161225,1
1207,2,20161226,1
1208,22,20161226,1
1209,33,20161226,1
1210,40,20161226,1
1211,51,20161226,1
1212,62,20161226,1
1213,5,20161227,1
1214,14,20161227,1
1215,16,20161227,1
1216,17,20161227,1
1217,19,20161227,1
1218,20,20161227,1
1219,24,20161227,1
1220,25,20161227,1
1221,27,20161227,1
1222,28,20161227,1
1223,37,20161227,1
1224,40,20161227,1
1225,47,20161227,1
1226,51,20161227,1
1227,52,20161227,1
1228,68,20161227,1
1229,72,20161227,1
1230,11,20161228,1
1231,15,20161228,1
1232,16,20161228,1
1233,17,20161228,1
1234,19,20161228,1
1235,20,20161228,1
1236,24,20161228,1
1237,25,20161228,1
1238,27,20161228,1
1239,28,20161228,1
1240,37,20161228,1
1241,40,20161228,1
1242,47,20161228,1
1243,51,20161228,1
1244,52,20161228,1
1245,57,20161228,1
1246,67,20161228,1
1247,68,20161228,1
1248,72,20161228,1
1249,11,20161229,1
1250,14,20161229,1
1251,16,20161229,1
1252,17,20161229,1
1253,19,20161229,1
1254,20,20161229,1
1255,24,20161229,1
1256,25,20161229,1
1257,27,20161229,1
1258,28,20161229,1
1259,37,20161229,1
1260,40,20161229,1
1261,47,20161229,1
1262,48,20161229,1
1263,51,20161229,1
1264,52,20161229,1
1265,68,20161229,1
1266,72,20161229,1
1267,9,20161230,1
1268,11,20161230,1
1269,14,20161230,1
1270,16,20161230,1
1271,17,20161230,1
1272,19,20161230,1
1273,20,20161230,1
1274,24,20161230,1
1275,25,20161230,1
1276,27,20161230,1
1277,28,20161230,1
1278,37,20161230,1
1279,40,20161230,1
1280,47,20161230,1
1281,50,20161230,1
1282,51,20161230,1
1283,52,20161230,1
1284,3,20161231,1
1285,9,20161231,1
1286,20,20161231,1
1287,27,20161231,1
1288,28,20161231,1
1289,30,20161231,1
1290,40,20161231,1
1291,47,20161231,1
1292,51,20161231,1
1293,52,20161231,1
1294,62,20161231,1
1295,67,20161231,1
